//电器火灾火警
40 40 01 00 01 01 1E 23 12 0F 04 11 EB 9D FA 11 2F 00 17 2D 0E 00 00 00 30 00 02 02 01 16 00 01 2F 00 02 00 02 00 20 20 20 20 20 20 20 20 20 20 20 20 20 20 20 20 20 20 20 20 20 20 20 20 2C 01 20 01 C8 00 20 1E 23 12 0F 04 11 72 23 23

//字段拆分
40 40 01 00 01 01 1E 23 12 0F 04 11 EB 9D FA 11 2F 00 17 2D 0E 00 00 00 30 00 02 02 01 16(一个字节电器火警标志) 00 01 2F 00 02 00 02 00(两个字节火警标志低字节在前) 20 20 20 20 20 20 20 20 20 20 20 20 20 20 20 20 20 20 20 20 20 20 20 20  2C 01(两个字节电流300ma低字节在前) 20 01(两个字节温度28.8低字节在前) C8 00(两个字节设定值200低字节在前) 20 1E 23 12 0F 04 11 72 23 23






//电器火灾故障
40 40 0C 00 01 14 13 01 00 01 01 E2 EB 9D FA 11 2F 00 00 00 00 00 00 00 30 00 02 02 01 16 10 28 40 00 02 00 04 00 FF FF FF FF 00 00 FF FF FF FF FF FF 40 02 10 00 00 00 20 20 20 20 20 20 2C 01 20 01 C8 00 20 1E 23 12 0F 04 11 72 23 23

//字段拆分
40 40 0C 00 01 14 13 01 00 01 01 E2 EB 9D FA 11 2F 00 00 00 00 00 00 00 30 00 02 02 01 16(一个字节电器火警标志) 10 28 40 00 02 00 04 00(两个字节故障标志低字节在前) FF FF FF FF 00 00 FF FF FF FF FF FF 40 02 10 00 00 00 20 20 20 20 20 20 2C 01(两个字节电流300ma低字节在前) 20 01(两个字节温度28.8低字节在前) C8 00(两个字节设定值200低字节在前) 20 1E 23 12 0F 04 11 72 23 23





//电器火灾实时电流、温度、设定值数据
40 40 0C 00 01 14 13 01 00 01 01 E2 EB 9D FA 11 2F 00 00 00 00 00 00 00 30 00 02 02 01 16 10 28 40 00 02 00 01 00 FF FF FF FF 00 00 FF FF FF FF FF FF 40 02 10 00 00 00 20 20 20 20 20 20 2C 01 20 01 C8 00 20 1E 23 12 0F 04 11 72 23 23

//字段拆分
40 40 0C 00 01 14 13 01 00 01 01 E2 EB 9D FA 11 2F 00 00 00 00 00 00 00 30 00 02 02 01 16(一个字节电器火警标志) 10 28 40 00 02 00 01 00(两个字节正常标志低字节在前) FF FF FF FF 00 00 FF FF FF FF FF FF 40 02 10 00 00 00 20 20 20 20 20 20 2C 01(两个字节电流300ma低字节在前) 20 01(两个字节温度28.8低字节在前) C8 00(两个字节设定值200低字节在前) 20 1E 23 12 0F 04 11 72 23 23



//电器火灾屏蔽
40 40 0C 00 01 14 13 01 00 01 01 E2 EB 9D FA 11 2F 00 00 00 00 00 00 00 30 00 02 02 01 16 10 28 40 00 02 00 08 00 FF FF FF FF 00 00 FF FF FF FF FF FF 40 02 10 00 00 00 20 20 20 20 20 20 2C 01 20 01 C8 00 20 1E 23 12 0F 04 11 72 23 23

//字段拆分
40 40 0C 00 01 14 13 01 00 01 01 E2 EB 9D FA 11 2F 00 00 00 00 00 00 00 30 00 02 02 01 16(一个字节电器火警标志) 10 28 40 00 02 00 08 00(两个字节屏蔽标志低字节在前) FF FF FF FF 00 00 FF FF FF FF FF FF 40 02 10 00 00 00 20 20 20 20 20 20 2C 01(两个字节电流300ma低字节在前) 20 01(两个字节温度28.8低字节在前) C8 00(两个字节设定值200低字节在前) 20 1E 23 12 0F 04 11 72 23 23


















