30 30 30 30 30 30 30 30 30 30 30 30 30 30 30 30 30 30 30 30 30 30 30 30




FF FF FF 0A 00 00 01 6E 01 0A 00 83



查询
FF FF FF 09 00 00 01 6E 01 0A 00 83


//南侧主机
FF FF FF 0A 01 01 6E 00 13 
00 
00 1B A4 
14 11 08 17 0F 15 1F 00 00 00 00 00 00 00 00 01 D3 


FF FF FF 0A 01 01 6E 00 13 
00 
00 1C 7B 
14 11 08 17 0F 17 77 00 00 00 00 00 00 00 00 02 05



FF FF FF 0C 01 01 6E 00 13 
85 
00 05 44 
14 11 08 17 0F 15 00 00 00 00 00 00 00 00 00 01 C5 

FF FF FF 0C 01 01 6E 00 13 85 00 03 A1 14 11 08 17 0F 15 00 00 00 00 00 00 00 00 00 02 20
FF FF FF 0C 01 01 6E 00 13 85 00 02 A6 14 11 08 17 0F 15 00 00 00 00 00 00 00 00 00 02 24



FF FF FF 0B 01 01 6E 00 13 02 00 11 B8 14 11 08 17 00 00 00 00 00 00 00 00 00 00 00 01 9D
FF FF FF 0B 01 01 6E 00 13 02 00 13 BD 14 11 08 17 00 00 00 00 00 00 00 00 00 00 00 01 A4





//北侧主机
FF FF FF 80 01 01 6E 00 13 00 00 0C 13 14 11 08 17 11 2D B3 00 00 00 00 00 00 00 00 02 57 
FF FF FF 80 01 01 6E 00 13 00 00 12 54 14 11 08 17 12 04 F7 00 00 00 00 00 00 00 00 02 BA


FF FF FF 0C 01 01 6E 00 13 85 00 0B 84 14 11 08 17 11 2D 00 00 00 00 00 00 00 00 00 02 25
FF FF 0C 01 01 6E 00 13 85 00 04 8C 14 11 08 17 11 2D 00 00 00 00 00 00 00 00 00 02 26










