

//火警
40 40 01 00 01 14 2B 20 0D 10 08 11 64 B8 83 C9 17 00 00 00 00 00 00 00 30 00 02 02 01 01 00 10 00 00 00 00 02 00 FF FF FF FF 00 00 00 00 00 00 00 00 00 00 00 00 00 00 00 00 FF FF FF FF 7F 5A 01 00 00 00 00 2B 20 0D 10 08 11 B1 23 23


//重启
40 40 4F 00 01 14 19 1C 11 0F 08 11 64 B8 83 C9 17 00 00 00 00 00 00 00 0C 00 02 04 01 01 00 01 00 19 1C 11 0F 08 11 D4 23 23


故障
40 40 03 00 01 14 36 21 0D 10 08 11 64 B8 83 C9 17 00 00 00 00 00 00 00 30 00 02 02 01 01 00 10 02 00 00 00 04 00 FF FF FF FF 00 00 00 00 00 00 00 00 02 00 00 00 00 00 00 00 FF FF FF FF 00 00 00 00 00 00 00 36 21 0D 10 08 11 F7 23 23


温度
40 40 AE 00 01 14 0C 23 11 0F 08 11 64 B8 83 C9 17 00 00 00 00 00 00 00 30 00 02 02 01 01 00 10 00 00 00 00 01 00 FF FF FF FF 00 00 00 00 00 00 00 00 00 00 00 00 00 00 00 00 FF FF FF FF 2F 00 01 00 00 00 00 0C 23 11 0F 08 11 81 23 23











