40 58 4A 31 36 2D 2E 30 39 37 31 33 31 23 
40 58 4A 31 37 2E 2F 30 31 39 31 39 33 23 
40 58 4A 31 38 2F 30 32 33 39 30 33 31 23 
40 58 4A 31 39 30 31 32 31 39 30 36 37 23 
40 58 4A 31 30 27 28 30 39 32 30 34 36 23 
40 58 4A 31 31 28 29 31 30 37 30 30 31 23
 40 58 4A 31 32 29 2A 30 34 39 30 30 33 23 
40 58 4A 31 33 2A 2B 30 36 37 30 36 35 23 
40 58 4A 31 34 2B 2C 31 33 33 30 30 37 23
 40 58 4A 31 35 2C 2D 30 35 39 31 32 39 23
 40 58 4A 31 36 2D 2E 30 39 37 31 33 31 23 
40 58 4A 31 37 2E 2F 30 31 39 31 39 33 23 
40 58 4A 31 38 2F 30 32 33 39 30 33 31 23 
40 58 4A 31 39 30 31 32 31 39 30 36 37 23 
40 58 4A 31 30 27 28 30 39 32 30 34 36 23 
40 58 4A 31 31 28 29 31 30 37 30 30 31 23 
40 58 4A 31 32 29 2A 30 34 39 30 30 33 23 
40 58 4A 31 33 2A 2B 30 36 37 30 36 35 23 
40 58 4A 31 34 2B 2C 31 33 33 30 30 37 23 
40 58 4A 31 35 2C 2D 30 35 39 31 32 39 23 
40 58 4A 31 36 2D 2E 30 39 37 31 33 31 23 
40 58 4A 31 37 2E 2F 30 31 39 31 39 33 23 
40 58 4A 31 38 2F 30 32 33 39 30 33 31 23 
40 58 4A 31 39 30 31 32 31 39 30 36 37 23 
40 58 4A 31 30 27 28 30 39 32 30 34 36 23 
40 58 4A 31 31 28 29 31 30 37 30 30 31 23 
40 58 4A 31 32 29 2A 30 34 39 30 30 33 23 
40 58 4A 31 33 2A 2B 30 36 37 30 36 35 23
 40 58 4A 31 34 2B 2C 31 33 33 30 30 37 23
 40 48 4A 31 35 2C 2D 2C 2C 32 2D 2C 35 2D 
33 2C 32 2E 35 2D 33 2E 33 31 30 39 31 34 
33 23 40 48 4A 31 36 2D 2E 2D 2D 33 2E 34 
34 2E 34 2D 33 2F 36 2E 34 2F 34 31 34 35 
30 31 31 23 40 48 4A 31 37 2E 2F 2E 2E 35 
2E 36 32 2F 35 2E 34 30 37 2F 35 30 35 32 
30 32 32 35 32 23 40 48 4A 31 38 2F 30 2F 
2F 38 2F 2F 34 30 36 2F 35 31 38 30 36 31 
36 30 34 36 32 35 33 23 40 48 4A 31 39 30
 31 30 30 39 30 36 35 31 37 30 36 32 39 31
 37 32 37 32 31 39 31 35 35 23 40 48 4A 31 
30 27 28 27 28 2A 27 2B 28 28 2E 27 2D 29 
30 28 2E 29 2E 30 37 33 31 35 38 23 40 46 
4B 31 31 28 29 28 29 2D 28 2A 2F 29 2F 28 
2E 2A 31 29 2F 2A 2F 32 31 36 31 30 32 23 
40 48 4A 31 32 29 2A 29 29 2B 2A 2B 29 2A 
30 29 2F 2B 32 2A 30 2B 30 30 37 37 30 32 
31 23 40 48 4A 31 33 2A 2B 2A 2A 2C 2B 2C 
2B 2B 31 2A 30 2C 33 2B 31 2C 31 30 37 38 
32 30 34 23 40 46 4B 31 34 2B 2C 2B 2B 2C 
2C 30 2C 2C 32 2B 31 2D 34 2C 32 2D 32 30
 33 34 32 35 34 23 40 46 4B 31 35 2C 2D 2C
 2C 2D 2D 31 2E 2D 33 2C 32 2E 35 2D 33 2E 
33 31 30 36 31 36 31 23 40 46 4B 31 36 2D 
2E 2D 2D 2E 2E 32 30 2E 34 2D 33 2F 36 2E 
34 2F 34 31 35 31 31 34 32 23 40 46 4B 31 
37 2E 2F 2E 2E 30 2F 2E 34 2F 35 2E 34 30
 37 2F 35 30 35 30 33 35 32 34 33 23 40 46
 4B 31 38 2F 30 2F 2F 31 30 32 30 30 36 2F
 35 31 38 30 36 31 36 32 33 37 31 37 31 23
 40 46 4B 31 39 30 31 30 30 34 31 30 34 31
 37 30 36 32 39 31 37 32 37 32 31 35 31 33 
32 23 40 46 4B 31 30 27 28 27 27 2B 28 27 
2F 28 2E 27 2D 29 30 28 2E 29 2E 31 30 30 
30 32 36 23 40 46 4B 31 31 28 29 28 28 2C 
29 2A 2A 29 2F 28 2E 2A 31 29 2F 2A 2F 31
 39 33 31 35 30 23 40 48 4A 31 32 29 2A 29
 29 2E 2A 2B 2C 2A 30 29 2F 2B 32 2A 30 2B 
30 30 36 36 32 32 33 23 40 48 4A 31 33 2A 
2B 2A 2A 31 2B 2B 2D 2B 31 2A 30 2C 33 2B 
31 2C 31 30 32 38 30 34 33 23 40 48 4A 31 
34 2B 2C 2B 2B 33 2B 31 2C 2C 32 2B 31 2D 
34 2C 32 2D 32 30 36 35 31 38 39 23 40 46
 4B 31 35 2C 2D 2C 2C 31 2D 2E 31 2D 33 2C
 32 2E 35 2D 33 2E 33 30 36 34 30 33 37 23
 40 46 4B 31 36 2D 2E 2D 2D 33 2E 30 2E 2E 
34 2D 33 2F 36 2E 34 2F 34 30 36 30 31 32 
33 23 40 46 4B 31 37 2E 2F 2E 2E 34 2F 31 
30 2F 35 2E 34 30 37 2F 35 30 35 31 37 31
 31 36 32 23 40 46 4B 31 38 2F 30 2F 2F 35 
30 35 34 30 36 2F 35 31 38 30 36 31 36 30 
37 33 30 30 32 23 40 46 4B 31 39 30 31 30 
30 37 31 31 38 31 37 30 36 32 39 31 37 32 
37 31 37 30 31 35 35 23 40 46 4B 31 30 27 
28 27 27 2E 28 28 30 28 2E 27 2D 29 30 28 
2E 29 2E 30 34 37 30 35 31 23 40 46 4B 31
 31 28 29 28 28 2F 29 2A 28 29 2F 28 2E 2A 
31 29 2F 2A 2F 32 33 36 31 33 34 23 40 46 
4B 31 32 29 2A 29 29 30 2A 2B 2A 2A 30 29
 2F 2B 32 2A 30 2B 30 30 39 38 31 31 36 23
 40 46 4B 31 33 2A 2B 2A 2A 31 2B 2E 2C 2B 
31 2A 30 2C 33 2B 31 2C 31 30 36 31 31 30 
33 23 40 48 4A 31 34 2B 2C 2B 2C 2B 2B 32 
2E 2C 32 2B 31 2D 34 2C 32 2D 32 31 37 37 
31 35 34 23 40 46 4B 31 35 2C 2D 2C 2C 35 
2D 2E 31 2D 33 2C 32 2E 35 2D 33 2E 33 31 
38 39 31 32 38 23 40 46 4B 31 36 2D 2E 2D 
2E 2D 2E 32 36 2E 34 2D 33 2F 36 2E 34 2F 
34 30 30 38 32 35 32 23 40 46 4B 31 37 2E
 2F 2E 2F 2E 2F 34 2E 2F 35 2E 34 30 37 2F
 35 30 35 32 31 34 32 33 30 23 40 46 4B 31
 38 2F 30 2F 30 30 30 35 32 30 36 2F 35 31
 38 30 36 31 36 30 34 37 31 30 36 23 40 46
 4B 31 39 30 31 30 31 31 31 36 34 31 37 30
 36 32 39 31 37 32 37 32 34 34 31 33 30 23 
40 46 4B 31 30 27 28 27 28 28 28 2E 28 28 
2E 27 2D 29 30 28 2E 29 2E 31 33 35 30 31 
31 23 40 46 4B 31 31 28 29 28 29 29 29 2F
 2A 29 2F 28 2E 2A 31 29 

51个火警，1个故障，25个反馈。