40 
58 4A 31 
37 
2E 2F 
30 31 39 
31 39 33 
23
 
40 
58 4A 31 
30 
27 28 
30 39 
32 30 
34 36 
23

40 58 4A 31 33 2A 2B 30 36 37 30 36 35 23 
40 58 4A 31 36 2D 2E 30 39 37 31 33 31 23 
40 58 4A 31 39 30 31 32 31 39 30 36 37 23 
40 58 4A 31 32 29 2A 30 34 39 30 30 33 23
40 58 4A 31 35 2C 2D 30 35 39 31 32 39 23 
40 58 4A 31 38 2F 30 32 33 39 30 33 31 23 
40 58 4A 31 31 28 29 31 30 37 30 30 31 23 
40 58 4A 31 34 2B 2C 31 33 33 30 30 37 23 
40 58 4A 31 37 2E 2F 30 31 39 31 39 33 23 
40 58 4A 31 30 27 28 30 39 32 30 34 36 23 
40 58 4A 31 33 2A 2B 30 36 37 30 36 35 23 
40 58 4A 31 36 2D 2E 30 39 37 31 33 31 23 
40 58 4A 31 39 30 31 32 31 39 30 36 37 23 
40 58 4A 31 32 29 2A 30 34 39 30 30 33 23 
40 58 4A 31 35 2C 2D 30 35 39 31 32 39 23 
40 58 4A 31 38 2F 30 32 33 39 30 33 31 23 
40 58 4A 31 31 28 29 31 30 37 30 30 31 23 
40 58 4A 31 34 2B 2C 31 33 33 30 30 37 23 
40 58 4A 31 31 28 29 31 30 37 30 30 31 23 
40 58 4A 31 34 2B 2C 31 33 33 30 30 37 23 
40 58 4A 31 37 2E 2F 30 31 39 31 39 33 23 
40 58 4A 31 30 27 28 30 39 32 30 34 36 23 
40 58 4A 31 33 2A 2B 30 36 37 30 36 35 23 
40 58 4A 31 36 2D 2E 30 39 37 31 33 31 23 
40 58 4A 31 39 30 31 32 31 39 30 36 37 23 
40 58 4A 31 32 29 2A 30 34 39 30 30 33 23 
40 58 4A 31 35 2C 2D 30 35 39 31 32 39 23 
40 58 4A 31 38 2F 30 32 33 39 30 33 31 23 
40 58 4A 31 31 28 29 31 30 37 30 30 31 23 
40 58 4A 31 34 2B 2C 31 33 33 30 30 37 23 

40 
48 4A 31 
37 
2E 2F 
2E 2E 2F 
2E 2E 2F 
2F 35 
2E 34 
30 37 
2F 2F 
31 2E 
30 38 37 
30 34 36 
23 

40 
48 4A 31 
30 			
27 28     
27 27 28 
27 27 28 
28 2E 
27 2D 
29 30 
28 28 
2A 27 
31 32 38 
30 34 30 
23 


40 58 4A 31 33 2A 2B 30 36 37 30 36 35 23 
40 58 4A 31 36 2D 2E 30 39 37 31 33 31 23 
40 58 4A 31 39 30 31 32 31 39 
30 36 37 23 40 58 4A 31 32 29 2A 30 34 39 
30 30 33 23 40 58 4A 31 35 2C 2D 30 35 39 
31 32 39 23 40 58 4A 31 38 2F 30 32 33 39 
30 33 31 23 40 58 4A 31 31 28 29 31 30 37 
30 30 31 23 40 58 4A 31 34 2B 2C 31 33 33 
30 30 37 23 40 58 4A 31 37 2E 2F 30 31 39 
31 39 33 23 40 58 4A 31 30 27 28 30 39 32 
30 34 36 23 40 58 4A 31 33 2A 2B 30 36 37 
30 36 35 23 40 58 4A 31 36 2D 2E 30 39 37 
31 33 31 23 40 58 4A 31 39 30 31 32 31 39
30 36 37 23 40 58 4A 31 32 29 2A 30 34 39 
30 30 33 23 40 58 4A 31 35 2C 2D 30 35 39
31 32 39 23 40 58 4A 31 38 2F 30 32 33 39 
30 33 31 23 40 58 4A 31 31 28 29 31 30 37 
30 30 31 23 


//加密数据 (A+X-9) 火警
40 48 4A 31 30 27 28 27 27 28 27 27 28 28 2E 27 2D 29 30 28 28 2A 27 31 32 38 30 34 30 23 
//解密数据 
40 48 4A 31 30 00 01 00 00 01 00 00 01 01 07 00 06 02 09 01 01 03 00 0A 0B 11 09 0D 09 23


//故障
40 47 5A 31 30 27 28 27 27 28 27 27 28 28 2E 27 2D 29 30 28 28 2A 27 31 32 38 30 34 30 23 





模拟测试数据
//火警
40 48 4A 31 23

40 48 4A 31 30 23
//故障
40 47 5A 31 23
不加密
40 47 5A 31 30 30 32 23
加密
40 47 5A 31 30 27 29 23
40 74 5A 31 30 
//重启 
40 46 57 31 23 






//10016
AA 15 35 51 13 0B 63 00 00 B4 A3 34 05 B1 B0 B0 21 05 52 10 24 26 B1 EA
AA 15 35 51 13 0B







