AA 08 12 21 12 21 18 2400波特率 一次数据发三遍
AA 08 12 21 12 21 18 
AA 08 12 21 12 21 18 长发码
AA 04 55 55 55 55 02 复位
AA 04 00 00 
AA 04 00 00 
AA 04 00 00 
AA 04 55 55 55 55 02 
AA 04 00 00 
AA 04 00 00 
AA 04 00 00 
AA 04 55 55 55 55 02 
AA 08 12 21 12 21 18

AA 21 10 02 40 28 45 00 02 00 35 00 23 34 05 46 87 00 20 00 20 00 20 4A 
100240 故障 火灾显示盘 5#楼西
AA 21 10 02 40 28 45 00 02 00 35 00 23 34 05 46 87 00 20 00 20 00 20 4A 
AA 21 10 02 40 28 45 00 02 00 35 00 23 34 05 46 87 00 20 00 20 00 20 4A
 
AA 08 12 21 12 21 18 
AA 22 39 50 77 1F EB 00 01 00 35 00 23 34 05 54 48 27 90 23 31 18 67 8E
AA 22 39 50 77 1F EB 00 01 00 35 00 23 34 05 54 48 27 90 23 31 18 67 8E
      395077 反馈 电梯 5#楼中机房层
AA 22 39 50 77 1F EB 00 01 00 35 00 23 34 05 54 48 27 90 23 31 18 67 8E
 
AA 22 00 32 19 1E 35 00 01 00 33 00 23 34 05 22 11 55 52 48 48 19 21 9E
      003219 动作 水流指示 3#楼东自行车 
AA 22 00 32 19 1E 35 00 01 00 33 00 23 34 05 22 11 55 52 48 48 19 21 9E 
AA 22 00 32 19 1E 35 00 01 00 33 00 23 34 05 22 11 55 52 48 48 19 21 9E
 
AA 08 12 21 12 21 18 
AA 22 92 90 38 1B 41 00 01 21 56 47 34 42 50 22 11 00 20 00 20 00 20 9A
AA 22 92 90 38 1B 41 00 01 21 56 47 34 42 50 22 11 00 20 00 20 00 20 9A 
      929038 反馈 卷帘门下 地下室东
AA 22 92 90 38 1B 41 00 01 21 56 47 34 42 50 22 11 00 20 00 20 00 20 9A 

AA 22 91 90 44 1E 4F 00 01 21 56 47 34 42 50 46 87 00 20 00 20 00 20 50 
      919044 动作 水流指示 地下室西
AA 22 91 90 44 1E 4F 00 01 21 56 47 34 42 50 46 87 00 20 00 20 00 20 50 
AA 22 91 90 44 1E 4F 00 01 21 56 47 34 42 50 46 87 00 20 00 20 00 20 50
 
AA 08 12 21 12 21 18 
AA 08 12 21 12 21 18 
AA 08 12 21 12 21 18



补充：song

002 14:10  365089  点型感烟 5#楼中16层

AA 15 36 50 89 03 D1 00 01 00 35 00 23 34 05 54 48 00 31 00 36 18 67 B6 
AA 15 36 50 89 03 D1 00 01 00 35 00 23 34 05 54 48 00 31 00 36 18 67 B6 
AA 15 36 50 89 03 D1 00 01 00 35 00 23 34 05 54 48 00 31 00 36 18 67 B6

AA 01 36 89 00 00 00 
AA 01 36 89 00 00 00 
AA 01 36 89 00 00 00 
AA 22 08 02 40 28 3E 00 02 00 35 00 23 34 05 22 11 00 20 00 20 00 20 A2 
AA 22 08 02 40 28 3E 00 02 00 35 00 23 34 05 22 11 00 20 00 20 00 20 A2 
