AA 04 55 55 55 55 02 复位
AA 04 00 00 
AA 04 00 00 
AA 04 00 00 
AA 04 55 55 55 55 02 
AA 04 00 00 
AA 04 00 00 
AA 04 00 00 
AA 04 55 55 55 55 02 
AA 08 10 13 10 13 F8 
AA 08 10 13 10 13 F8 
AA 15 01 10 18 0B F3 00 01 00 31 18 67 55 63 32 40 45 88 34 71 29 27 83 10:16 011018 手报火警
AA 15 01 10 18 0B F3 00 01 00 31 18 67 55 63 32 40 45 88 34 71 29 27 83 
AA 15 01 10 18 0B F3 00 01 00 31 18 67 55 63 32 40 45 88 34 71 29 27 83 
AA 01 01 18 00 00 00 
AA 01 01 18 00 00 00 
AA 01 01 18 00 00 00 
AA 08 10 13 10 13 F8 长发码
AA 08 10 13 10 13 F8 
AA 08 10 13 10 13 F8 
AA 08 10 13 10 13 F8 
AA 08 10 13 10 13 F8 
AA 08 10 13 10 13 F8 
AA 08 10 13 10 13 F8 
AA 08 10 13 10 13 F8 