海湾232通讯协议

2400 8 1 m
装置发 01 00
主机发 01
2400 8 1 s

装置发 0F
主机发 F0 F0 BB
装置发 1F

装置发送 01 00 0F 1F
主机发送 01 F0 F0 BB


0A AA BB 复位
FA AB BB 消音
0D DD 00 10 04 03 01 18 BB 001004 火警 第7位01表示火警
0D DD 00 00 01 76 02 79 BB 000001 启动 第7位02表示火警
0D DD 00 00 01 76 02 79 BB 
0D DD 00 00 01 77 02 7A BB 主机上没有
0D DD AA AA AA 66 02 66 BB 未知
0E EE 00 10 06 03 00 19 BB 001006 故障 第7位00表示故障


40 40 34 00 01 01 03 32 0D 05 07 11 0D 00 00 00 00 00 00 00 00 00 00 00 04 00 02 19 01 01 01 C4 23 23 

40 40 35 00 01 D8 13 2D 0A 05 07 11 0D 00 00 00 00 00 00 00 00 00 00 00 30 00 02 02 01 01 00 00 64 00 00 00 20 00 00 00 00 00 00 00 00 00 00 00 00 00 00 00 00 00 00 00 00 00 00 00 00 00 00 00 00 00 00 00 00 13 2D 0A 05 07 11 A3 23 23

40 40 35 00 01 D8 13 2D 0A 05 07 11 0D 00 00 00 00 00 00 00 00 00 00 00 30 00 02 
02 01 01 00 00 64 00 00 00 20 00 00 00 00 00 00 00 00 00 00 00 00 00 00 00 00 00 00 00 00 00 00 00 00 00 00 00 00 00 00 00 00 13 2D 0A 05 07 11 A3 23 23 
40 40 36 00 01 D8 14 2D 0A 05 07 11 0D 00 00 00 00 00 00 00 00 00 00 00 30 00 02 
02 01 01 00 00 64 00 00 00 20 00 00 00 00 00 00 00 00 00 00 00 00 00 00 00 00 00 00 00 00 00 00 00 00 00 00 00 00 00 00 00 00 14 2D 0A 05 07 11 A6 23 23 
40 40 36 00 01 D8 14 2D 0A 05 07 11 0D 00 00 00 00 00 00 00 00 00 00 00 30 00 02 
02 01 01 00 00 64 00 00 00 20 00 00 00 00 00 00 00 00 00 00 00 00 00 00 00 00 00 00 00 00 00 00 00 00 00 00 00 00 00 00 00 00 14 2D 0A 05 07 11 A6 23 23 
40 40 37 00 01 D3 16 2D 0A 05 07 11 0D 00 00 00 00 00 00 00 00 00 00 00 30 00 02 
02 01 01 00 00 58 02 0A 00 04 00 00 00 00 00 00 00 00 00 00 00 00 00 00 00 00 00 00 00 00 00 00 00 00 00 00 00 00 00 00 00 00 16 2D 0A 05 07 11 8A 23 23 
40 40 37 00 01 D3 16 2D 0A 05 07 11 0D 00 00 00 00 00 00 00 00 00 00 00 30 00 02 
02 01 01 00 00 58 02 0A 00 04 00 00 00 00 00 00 00 00 00 00 00 00 00 00 00 00 00 00 00 00 00 00 00 00 00 00 00 00 00 00 00 00 16 2D 0A 05 07 11 8A 23 23 
40 40 39 00 01 D7 18 2D 0A 05 07 11 0D 00 00 00 00 00 00 00 00 00 00 00 30 00 02 
02 01 80 00 00 4C 04 57 04 08 00 00 00 00 00 00 00 00 00 00 00 00 00 00 00 00 00 00 00 00 00 00 00 00 00 00 00 00 00 00 00 00 17 2D 0A 05 07 11 5D 23 23 
40 40 3A 00 01 D7 19 2D 0A 05 07 11 0D 00 00 00 00 00 00 00 00 00 00 00 30 00 02 
02 01 80 00 00 4C 04 57 04 08 00 00 00 00 00 00 00 00 00 00 00 00 00 00 00 00 00 00 00 00 00 00 00 00 00 00 00 00 00 00 00 00 17 2D 0A 05 07 11 5F 23 23 
40 40 3A 00 01 D7 19 2D 0A 05 07 11 0D 00 00 00 00 00 00 00 00 00 00 00 30 00 02 
02 01 80 00 00 4C 04 57 04 08 00 00 00 00 00 00 00 00 00 00 00 00 00 00 00 00 00 00 00 00 00 00 00 00 00 00 00 00 00 00 00 00 17 2D 0A 05 07 11 5F 23 23 
40 40 3B 00 01 BC 11 2D 0A 05 07 11 0D 00 00 00 00 00 00 00 00 00 00 00 30 00 02 02 01 01 00 00 90 01 0A 00 02 00 00 00 00 00 00 00 00 00 00 00 00 00 00 00 00 00 00 00 00 00 00 00 00 00 00 00 00 00 00 00 00 11 2D 0A 05 07 11 A2 23 23 
40 40 3B 00 01 BC 11 2D 0A 05 07 11 0D 00 00 00 00 00 00 00 00 00 00 00 30 00 02 02 01 01 00 00 90 01 0A 00 02 00 00 00 00 00 00 00 00 00 00 00 00 00 00 00 00 00 00 00 00 00 00 00 00 00 00 00 00 00 00 00 00 11 2D 0A 05 07 11 A2 23 23